0.0,NaN
0.0,NaN
1109.9671298188898,0.0
1255.774250968881,23.26454510133317
8151.632273558498,15.509696734222112
10086.117437099012,11.632272550666585
11484.91961584654,9.305818040533268
12104.301689230948,7.754848367111056
13569.048240745227,6.647012886095191
15513.365057928217,5.816136275333292
17024.383232924818,5.169898911407371
17244.607346257577,4.652909020266634
18735.65780995155,4.2299172911514855
20031.3557246881,3.877424183555528
20042.71224517253,3.877424183555528
20180.487985573032,18.12458642337372
20988.286355905195,16.91628066181547
21059.280746723813,15.859013120452005
22242.995112784665,14.926129995719535
23093.008734948646,14.096900551512894
23202.406793939437,17.816123361763715
23623.462507409724,30.503279373351962
23850.099460778245,29.050742260335202
25624.954140535265,27.73025397577451
26471.32516668049,26.52459075943649
26693.738529895603,25.419399477793302
27114.773335123424,32.20441520057757
28407.57468599396,30.9657838467092
29920.360609203046,29.81890296349775
32275.273847873617,28.75394214337283
36136.790792964246,27.76242689704963
36480.70115893797,26.837012667147974
36902.101162141684,25.971302581110944
37647.00874845137,25.159699375451225
38236.79747110617,24.397284242861794
